-11 4.533 12.714 -0.669 10.596 10.755 6.617 11.496 6.343 -0.414 -2.745 0.129 1.62 5.979 -2.213 10.819 3.331 4.086 -9.563 -1.636
3.915 -3.085 6.457 8.372 13.834 7.901 -4.13 -4.995 -6.273 10.766 9.14 9.492 10.499 3.024 9.812 3.629 6.286 12.254 3.182 5.475
2.124 7.464 9.9 11.913 7.278 0.415 -7.249 -9.127 -0.814 14.123 4.794 5.332 1.697 6.634 5.295 11.837 3.962 7.916 6.569 3.421
-2.321 9.436 13.898 3.175 4.234 2.099 -2.871 -4.687 -0.489 8.068 10.072 4.462 2.505 9.303 0.881 8.064 8.455 5.178 1.055 7.335
0.097 7.659 4.649 0.256 7.937 3.874 5.776 0.049 3.477 0.959 7.878 3.113 6.95 2.194 0.003 18.685 10.235 1.571 4.559 9.361
10.31 -4.105 -1.169 10.167 3.861 5.02 5.534 1.919 7.397 4.371 4.291 3.001 6.626 -11.956 -5.182 11.188 -5 10.561 12.47 -5.343
-0.84 17.351 9.956 3.235 1.23 4.208 -1.78 -0.733 4.436 1.959 13.874 5.478 8.912 6.929 7.292 5.863 3.438 4 2.387 -2.091
1.176 6.807 9.617 4.311 8.471 5.095 0.682 5.433 7.061 1.71 0.243 -2.874 6.902 8.387 2.402 8.592 17.648 12.374 -2.515 -0.183
0.114 2.388 10.449 5.926 7.456 2.775 9.582 8.183 7.223 2.402 5.316 8.365 5.689 4.82 0.893 2.328 1.126 6.867 8.579 -1.096
7.181 -5.361 5.142 -6.143 1.829 12.381 6.286 8.413 7.107 11.743 1.506 13.83 1.212 5.485 6.077 14.355 2.078 0.743 7.757 5.24
7.91 0.299 6.525 1.22 1.379 4.261 14.435 4.155 4.868 11.19 -3.515 6.172 11.604 6.414 2.491 11.1 -2.795 7.631 5.923 6.115
1.29 8.994 6.456 1.139 5.553 4.416 5.495 -2.033 9.842 3.948 0.441 13.584 9.492 8.254 3.79 12.604 7.971 4.669 7.165 9.632
9.671 0.764 6.543 -0.191 -7.458 0.74 9.078 -0.992 12.233 7.876 6.733 2.147 11.465 5.031 9.679 0.981 7.656 3.243 5.758 5.848
0.925 0.64 4.053 8.027 4.716 2.406 6.344 6.822 4.918 12.888 6.375 -11.19 4.434 4.031 11.079 1.04 6.711 10.236 0.223 -5.795
-2.184 -4.699 10.212 13.667 5.067 0.148 4.149 -1.302 6.05 6.967 -9.675 16.231 -7.19 0.757 -2.433 8.826 0.899 2.709 10.585 8.623
10.352 7.332 6.86 -2.207 2.841 7.621 -1.837 13.295 12.846 3.599 0.702 3.566 9.244 2.641 14.437 -2.042 4.36 6.979 7.515 6.603
-3.647 12.782 11.691 9.835 5.704 0.281 2.691 3.694 0.452 8.231 7.419 -1.44 5.475 10.965 3.039 -1.78 2.74 14.769 4.906 13.668
12.745 3.625 1.441 2.461 8.347 -0.076 7.802 6.37 2.707 2.185 4.88 7.14 3.819 5.27 7.022 10.07 2.676 1.759 12.409 11.52
10.686 8.532 7.168 11.432 3.872 6.318 2.545 0.647 6.85 4.214 9.475 6.74 7.538 8.126 11.643 8.336 1.898 5.605 11.69 16.079
5.611 7.115 5.523 13.907 5.754 10.153 -5.111 16.616 3.186 1.453 6.324 -1.125 7.609 1.079 4.686 12.366 4.648 14.285 6.281 3.969
